1024 1.244141
1025 1.236530
1026 1.296187
1027 1.255438
1028 1.249788
1029 1.269418
1030 1.256972
1031 1.293049
1032 1.244754
1033 1.247862
1034 1.251931
1035 1.235705
1036 1.234955
1037 1.270852
1038 1.260439
1039 1.228872
1040 1.235829
1041 1.233168
1042 1.257385
1043 1.251835
1044 1.272159
1045 1.262780
1046 1.261069
1047 1.216382
1048 1.225217
1049 1.271215
1050 1.268555
1051 1.266852
1052 1.232835
1053 1.262512
1054 1.252285
1055 1.250610
1056 1.267879
1057 1.235920
1058 1.245612
1059 1.232623
1060 1.220603
1061 1.206723
1062 1.272907
1063 1.243954
1064 1.236673
1065 1.266027
1066 1.265309
1067 1.234602
1068 1.284479
1069 1.265975
1070 1.266199
1071 1.244014
1072 1.250791
1073 1.208161
1074 1.225203
1075 1.205005
1076 1.265700
1077 1.230648
1078 1.249466
1079 1.253422
1080 1.234223
1081 1.226162
1082 1.214420
1083 1.214705
1084 1.251891
1085 1.242005
1086 1.251475
1087 1.209411
1088 1.250147
1089 1.237549
1090 1.226810
1091 1.229841
1092 1.249351
1093 1.243209
1094 1.242563
1095 1.229135
1096 1.240368
1097 1.256139
1098 1.223613
1099 1.227544
1100 1.258742
1101 1.224490
1102 1.251099
1103 1.219638
1104 1.215409
1105 1.219333
1106 1.209689
1107 1.229874
1108 1.219338
1109 1.225954
1110 1.234362
1111 1.206752
1112 1.224157
1113 1.214577
1114 1.235537
1115 1.207133
1116 1.242401
1117 1.211358
1118 1.208100
1119 1.214679
1120 1.243569
1121 1.222453
1122 1.219201
1123 1.267603
1124 1.213608
1125 1.233487
1126 1.230242
1127 1.190623
1128 1.213133
1129 1.210803
1130 1.234142
1131 1.181403
1132 1.231231
1133 1.223602
1134 1.239798
1135 1.199578
1136 1.203444
1137 1.194992
1138 1.198858
1139 1.205352
1140 1.248678
1141 1.231456
1142 1.206384
1143 1.182232
1144 1.213193
1145 1.228381
1146 1.218238
1147 1.197651
1148 1.243304
1149 1.225345
1150 1.220462
1151 1.206900
1152 1.201175
1153 1.197196
1154 1.224421
1155 1.193591
1156 1.198282
1157 1.196916
1158 1.221461
1159 1.220080
1160 1.247150
1161 1.235416
1162 1.195303
1163 1.203412
1164 1.190889
1165 1.185256
1166 1.232807
1167 1.245144
1168 1.180407
1169 1.211590
1170 1.187165
1171 1.218291
1172 1.198170
1173 1.206217
1174 1.211697
1175 1.226530
1176 1.197972
1177 1.193252
1178 1.208915
1179 1.190625
1180 1.185927
1181 1.190552
1182 1.218013
1183 1.204008
1184 1.203541
1185 1.219954
1186 1.180691
1187 1.193728
1188 1.184858
1189 1.197871
1190 1.209183
1191 1.218797
1192 1.204068
1193 1.201937
1194 1.234987
1195 1.216100
1196 1.203935
1197 1.165057
1198 1.203875
1199 1.215106
1200 1.207152
1201 1.217531
1202 1.194616
1203 1.202496
1204 1.204550
1205 1.218220
1206 1.217772
1207 1.225611
1208 1.196186
1209 1.194106
1210 1.192857
1211 1.201521
1212 1.204395
1213 1.175938
1214 1.208485
1215 1.205588
1216 1.219145
1217 1.203920
1218 1.204321
1219 1.184214
1220 1.177256
1221 1.169490
1222 1.178105
1223 1.189160
1224 1.187943
1225 1.202240
1226 1.239352
1227 1.217725
1228 1.168447
1229 1.210381
1230 1.184768
1231 1.189254
1232 1.198605
1233 1.191720
1234 1.205107
1235 1.201469
1236 1.194602
1237 1.200682
1238 1.181712
1239 1.201514
1240 1.226931
1241 1.195901
1242 1.179416
1243 1.205596
1244 1.170642
1245 1.183135
1246 1.194806
1247 1.214478
1248 1.186043
1249 1.186478
1250 1.199712
1251 1.162567
1252 1.151840
1253 1.194602
1254 1.194236
1255 1.182715
1256 1.175194
1257 1.213032
1258 1.168140
1259 1.200366
1260 1.171430
1261 1.156023
1262 1.186599
1263 1.170414
1264 1.192230
1265 1.192669
1266 1.194687
1267 1.178550
1268 1.205815
1269 1.192061
1270 1.167306
1271 1.184290
1272 1.213826
1273 1.173404
1274 1.199765
1275 1.208831
1276 1.182616
1277 1.186984
1278 1.188217
1279 1.187884
1280 1.196147
1281 1.170049
1282 1.169734
1283 1.192024
1284 1.209607
1285 1.179693
1286 1.188706
1287 1.192267
1288 1.202035
1289 1.184635
1290 1.161062
1291 1.194072
1292 1.181366
1293 1.193428
1294 1.172243
1295 1.199740
1296 1.168554
1297 1.173654
1298 1.185680
1299 1.178444
1300 1.195065
1301 1.176305
1302 1.199816
1303 1.182618
1304 1.163145
1305 1.180485
1306 1.194737
1307 1.244928
1308 1.171954
1309 1.188474
1310 1.172908
1311 1.178725
1312 1.173101
1313 1.188050
1314 1.167208
1315 1.163128
1316 1.173494
1317 1.182326
1318 1.206320
1319 1.165835
1320 1.223140
1321 1.153183
1322 1.167296
1323 1.157201
1324 1.181866
1325 1.184607
1326 1.191115
1327 1.182543
1328 1.203353
1329 1.185757
1330 1.195256
1331 1.179196
1332 1.194694
1333 1.164407
1334 1.152158
1335 1.200602
1336 1.184602
1337 1.162645
1338 1.175100
1339 1.209196
1340 1.219361
1341 1.165380
1342 1.185251
1343 1.170842
1344 1.210026
1345 1.179264
1346 1.170837
1347 1.169105
1348 1.186664
1349 1.185666
1350 1.177262
1351 1.164431
1352 1.177507
1353 1.166913
1354 1.151166
1355 1.171605
1356 1.175053
1357 1.174812
1358 1.160581
1359 1.191258
1360 1.174832
1361 1.171656
1362 1.204463
1363 1.200538
1364 1.187088
1365 1.151682
1366 1.184409
1367 1.183440
1368 1.197823
1369 1.182238
1370 1.176894
1371 1.160619
1372 1.170607
1373 1.181310
1374 1.210920
1375 1.199034
1376 1.160276
1377 1.172411
1378 1.177997
1379 1.167623
1380 1.163786
1381 1.172989
1382 1.203888
1383 1.167497
1384 1.197634
1385 1.195237
1386 1.173364
1387 1.212085
1388 1.204642
1389 1.182811
1390 1.158135
1391 1.188132
1392 1.192943
1393 1.185545
1394 1.181026
1395 1.200888
1396 1.189920
1397 1.164652
1398 1.168033
1399 1.206435
1400 1.199068
1401 1.193141
1402 1.200061
1403 1.157792
1404 1.171139
1405 1.155999
1406 1.145148
1407 1.171982
1408 1.160426
1409 1.170889
1410 1.177082
1411 1.171928
1412 1.202193
1413 1.175798
1414 1.172780
1415 1.210756
1416 1.178058
1417 1.193395
1418 1.181207
1419 1.181723
1420 1.184351
1421 1.175013
1422 1.185379
1423 1.171839
1424 1.201155
1425 1.205869
1426 1.148866
1427 1.159919
1428 1.178660
1429 1.178481
1430 1.185995
1431 1.176728
1432 1.186330
1433 1.158933
1434 1.173416
1435 1.171852
1436 1.193272
1437 1.220925
1438 1.175523
1439 1.157286
1440 1.178659
1441 1.183347
1442 1.206754
1443 1.181619
1444 1.197379
1445 1.172978
1446 1.177658
1447 1.183023
1448 1.171807
1449 1.179931
1450 1.173561
1451 1.155485
1452 1.176002
1453 1.161392
1454 1.159869
1455 1.173470
1456 1.202163
1457 1.191009
1458 1.199075
1459 1.192738
1460 1.172027
1461 1.164349
1462 1.168310
1463 1.161331
1464 1.165290
1465 1.191088
1466 1.172512
1467 1.179867
1468 1.179037
1469 1.202715
1470 1.176702
1471 1.180637
1472 1.170980
1473 1.189851
1474 1.175453
1475 1.148872
1476 1.184659
1477 1.162848
1478 1.178280
1479 1.197073
1480 1.174625
1481 1.198122
1482 1.169632
1483 1.165456
1484 1.166677
1485 1.193486
1486 1.175846
1487 1.203286
1488 1.207170
1489 1.176797
1490 1.193446
1491 1.169160
1492 1.180431
1493 1.180971
1494 1.169462
1495 1.171348
1496 1.199969
1497 1.175113
1498 1.202360
1499 1.176202
1500 1.186080
1501 1.182621
1502 1.168515
1503 1.189025
1504 1.176929
1505 1.157541
1506 1.160092
1507 1.161312
1508 1.186405
1509 1.188933
1510 1.182187
1511 1.178098
1512 1.164094
1513 1.181174
1514 1.194268
1515 1.169062
1516 1.180830
1517 1.195219
1518 1.186533
1519 1.175884
1520 1.179724
1521 1.184874
1522 1.178192
1523 1.166266
1524 1.167479
1525 1.187708
1526 1.194150
1527 1.196000
1528 1.200465
1529 1.180727
1530 1.153826
1531 1.206647
1532 1.162141
1533 1.185534
1534 1.193252
1535 1.175554
1536 1.180666
1537 1.171458
1538 1.183069
1539 1.167375
1540 1.176377
1541 1.184070
1542 1.205373
1543 1.188412
1544 1.212923
1545 1.208278
1546 1.203639
1547 1.193189
1548 1.187275
1549 1.206547
1550 1.180633
1551 1.187635
1552 1.182387
1553 1.152677
1554 1.169982
1555 1.169258
1556 1.147971
1557 1.164605
1558 1.185069
1559 1.171511
1560 1.182330
1561 1.157262
1562 1.173199
1563 1.186558
1564 1.173685
1565 1.192139
1566 1.179918
1567 1.176648
1568 1.205909
1569 1.202628
1570 1.178969
1571 1.185259
1572 1.206172
1573 1.192730
1574 1.181211
1575 1.184946
1576 1.201367
1577 1.187964
1578 1.191055
1579 1.175777
1580 1.195329
1581 1.167419
1582 1.186320
1583 1.185615
1584 1.188069
1585 1.175378
1586 1.178466
1587 1.210536
1588 1.172668
1589 1.178271
1590 1.177578
1591 1.182544
1592 1.188132
1593 1.199364
1594 1.179214
1595 1.167867
1596 1.181598
1597 1.172144
1598 1.198998
1599 1.198927
1600 1.194481
1601 1.191916
1602 1.203711
1603 1.206135
1604 1.202945
1605 1.183560
1606 1.190352
1607 1.168511
1608 1.208266
1609 1.184578
1610 1.226758
1611 1.188191
1612 1.179450
1613 1.187459
1614 1.182447
1615 1.160105
1616 1.193484
1617 1.189098
1618 1.191516
1619 1.182814
1620 1.187704
1621 1.208011
1622 1.178355
1623 1.204805
1624 1.173957
1625 1.207147
1626 1.201552
1627 1.182442
1628 1.193455
1629 1.187266
1630 1.194583
1631 1.220897
1632 1.216543
1633 1.201784
1634 1.193776
1635 1.201069
1636 1.197351
1637 1.172868
1638 1.207634
1639 1.196599
1640 1.198383
1641 1.188586
1642 1.201945
1643 1.192768
1644 1.191510
1645 1.189039
1646 1.201760
1647 1.207786
1648 1.208952
1649 1.188285
1650 1.197947
1651 1.210627
1652 1.186366
1653 1.179679
1654 1.182070
1655 1.206211
1656 1.193487
1657 1.183193
1658 1.200657
1659 1.207249
1660 1.204196
1661 1.172851
1662 1.195696
1663 1.186043
1664 1.202844
1665 1.192598
1666 1.220180
1667 1.196740
1668 1.189515
1669 1.187692
1670 1.215812
1671 1.168495
1672 1.197192
1673 1.210314
1674 1.222226
1675 1.167856
1676 1.213790
1677 1.194076
1678 1.221466
1679 1.179140
1680 1.183293
1681 1.188632
1682 1.207639
1683 1.205233
1684 1.182641
1685 1.199245
1686 1.204561
1687 1.177269
1688 1.214583
1689 1.203896
1690 1.224583
1691 1.204442
1692 1.202646
1693 1.188450
1694 1.200834
1695 1.200816
1696 1.216128
1697 1.201370
1698 1.191340
1699 1.198392
1700 1.206613
1701 1.213649
1702 1.195413
1703 1.205971
1704 1.178372
1705 1.183650
1706 1.210611
1707 1.188917
1708 1.202378
1709 1.218749
1710 1.200599
1711 1.153248
1712 1.213430
1713 1.209910
1714 1.230899
1715 1.185392
1716 1.223855
1717 1.206362
1718 1.194710
1719 1.217976
1720 1.209239
1721 1.195865
1722 1.221995
1723 1.219076
1724 1.198180
1725 1.192381
1726 1.184851
1727 1.184857
1728 1.183128
1729 1.196439
1730 1.191816
1731 1.198176
1732 1.214921
1733 1.202795
1734 1.216059
1735 1.237377
1736 1.199339
1737 1.204524
1738 1.199346
1739 1.229252
1740 1.203952
1741 1.246459
1742 1.198217
1743 1.202813
1744 1.183895
1745 1.214284
1746 1.212564
1747 1.205695
1748 1.205700
1749 1.211423
1750 1.209139
1751 1.200006
1752 1.213143
1753 1.183482
1754 1.236524
1755 1.208025
1756 1.214296
1757 1.208039
1758 1.213735
1759 1.225111
1760 1.203519
1761 1.227381
1762 1.206948
1763 1.213198
1764 1.226245
1765 1.226246
1766 1.209826
1767 1.201348
1768 1.220595
1769 1.227384
1770 1.188404
1771 1.203110
1772 1.217235
1773 1.207092
1774 1.223455
1775 1.208815
1776 1.223470
1777 1.202093
1778 1.222924
1779 1.204383
1780 1.226875
1781 1.215653
1782 1.187048
1783 1.210074
1784 1.220182
1785 1.202829
1786 1.182696
1787 1.211830
1788 1.218561
1789 1.196777
1790 1.221945
1791 1.182876
1792 1.215837
1793 1.237608
1794 1.207515
1795 1.197512
1796 1.222598
1797 1.213155
1798 1.218184
1799 1.208199
1800 1.241559
1801 1.209918
1802 1.193852
1803 1.204426
1804 1.214988
1805 1.242160
1806 1.205072
1807 1.214511
1808 1.220621
1809 1.221751
1810 1.238349
1811 1.220141
1812 1.211888
1813 1.209160
1814 1.219115
1815 1.240630
1816 1.225227
1817 1.234057
1818 1.209875
1819 1.207160
1820 1.231371
1821 1.230845
1822 1.207817
1823 1.216081
1824 1.212276
1825 1.216147
1826 1.218918
1827 1.205814
1828 1.237035
1829 1.188398
1830 1.240907
1831 1.214167
1832 1.237130
1833 1.213695
1834 1.239360
1835 1.217586
1836 1.221980
1837 1.229091
1838 1.214432
1839 1.224260
1840 1.215599
1841 1.202059
1842 1.211335
1843 1.205410
1844 1.202202
1845 1.217427
1846 1.232635
1847 1.216426
1848 1.248935
1849 1.241388
1850 1.214391
1851 1.221458
1852 1.237698
1853 1.222080
1854 1.214570
1855 1.196826
1856 1.222205
1857 1.236249
1858 1.228211
1859 1.256223
1860 1.206248
1861 1.217048
1862 1.228373
1863 1.238613
1864 1.225774
1865 1.226890
1866 1.216751
1867 1.230191
1868 1.230769
1869 1.217971
1870 1.241015
1871 1.236777
1872 1.207437
1873 1.250740
1874 1.252908
1875 1.221475
1876 1.226323
1877 1.221043
1878 1.223757
1879 1.233919
1880 1.224389
1881 1.230288
1882 1.236712
1883 1.239412
1884 1.236802
1885 1.223585
1886 1.244847
1887 1.239059
1888 1.251287
1889 1.246033
1890 1.232848
1891 1.241359
1892 1.226077
1893 1.212925
1894 1.203482
1895 1.233629
1896 1.235262
1897 1.247965
1898 1.250644
1899 1.241735
1900 1.222836
1901 1.241307
1902 1.253975
1903 1.229845
1904 1.236730
1905 1.248331
1906 1.227917
1907 1.226927
1908 1.237468
1909 1.230712
1910 1.262184
1911 1.249667
1912 1.226181
1913 1.240879
1914 1.231529
1915 1.239421
1916 1.219644
1917 1.260399
1918 1.255231
1919 1.223492
1920 1.229286
1921 1.239760
1922 1.238257
1923 1.241436
1924 1.250330
1925 1.223889
1926 1.207861
1927 1.211051
1928 1.224093
1929 1.234529
1930 1.240292
1931 1.221709
1932 1.261117
1933 1.270997
1934 1.222956
1935 1.254035
1936 1.254091
1937 1.244337
1938 1.232014
1939 1.251164
1940 1.237305
1941 1.261070
1942 1.271937
1943 1.253972
1944 1.231397
1945 1.261801
1946 1.232051
1947 1.229554
1948 1.221412
1949 1.226620
1950 1.245669
1951 1.258035
1952 1.255020
1953 1.235624
1954 1.246442
1955 1.247531
1956 1.251175
1957 1.238465
1958 1.229854
1959 1.247796
1960 1.236638
1961 1.236201
1962 1.249017
1963 1.249593
1964 1.235404
1965 1.237515
1966 1.226399
1967 1.249865
1968 1.252982
1969 1.272856
1970 1.247026
1971 1.245067
1972 1.225363
1973 1.237610
1974 1.248831
1975 1.248903
1976 1.258084
1977 1.240954
1978 1.225358
1979 1.256266
1980 1.235123
1981 1.251862
1982 1.234780
1983 1.271674
1984 1.244519
1985 1.255175
1986 1.239638
1987 1.261359
1988 1.251368
1989 1.230829
1990 1.246492
1991 1.256113
1992 1.259199
1993 1.249236
1994 1.251319
1995 1.272950
1996 1.254479
1997 1.244540
1998 1.255632
1999 1.251706
2000 1.264784
2001 1.262857
2002 1.251442
2003 1.238541
2004 1.240623
2005 1.241207
2006 1.268212
2007 1.240381
2008 1.256902
2009 1.246528
2010 1.246612
2011 1.247690
2012 1.272625
2013 1.253820
2014 1.266811
2015 1.258450
2016 1.234224
2017 1.249686
2018 1.258691
2019 1.256790
2020 1.251922
2021 1.248543
2022 1.274841
2023 1.264040
2024 1.251768
2025 1.255311
2026 1.276620
2027 1.253507
2028 1.246197
2029 1.282265
2030 1.250811
2031 1.261731
2032 1.272149
2033 1.256979
2034 1.265915
2035 1.246833
2036 1.273938
2037 1.266653
2038 1.265264
2039 1.280551
2040 1.253667
2041 1.263066
2042 1.273436
2043 1.260301
2044 1.244244
2045 1.265856
2046 1.260076
2047 1.268470
