1024 1.266602
1025 1.268725
1026 1.269872
1027 1.258359
1028 1.244924
1029 1.270390
1030 1.315225
1031 1.273650
1032 1.277700
1033 1.311753
1034 1.246129
1035 1.257927
1036 1.261982
1037 1.231315
1038 1.247914
1039 1.294320
1040 1.253137
1041 1.279278
1042 1.270821
1043 1.249917
1044 1.252044
1045 1.247469
1046 1.247684
1047 1.244080
1048 1.254797
1049 1.233083
1050 1.234269
1051 1.243066
1052 1.218577
1053 1.235921
1054 1.232361
1055 1.257245
1056 1.261250
1057 1.261464
1058 1.263570
1059 1.230734
1060 1.236641
1061 1.248193
1062 1.244658
1063 1.253361
1064 1.222576
1065 1.239736
1066 1.254990
1067 1.262718
1068 1.276052
1069 1.272523
1070 1.245638
1071 1.236545
1072 1.254522
1073 1.234256
1074 1.258722
1075 1.257098
1076 1.255477
1077 1.211150
1078 1.242973
1079 1.222838
1080 1.231445
1081 1.224312
1082 1.254161
1083 1.203625
1084 1.260193
1085 1.238318
1086 1.245029
1087 1.272889
1088 1.234522
1089 1.246731
1090 1.224975
1091 1.215175
1092 1.235614
1093 1.235889
1094 1.235251
1095 1.201738
1096 1.211171
1097 1.221499
1098 1.233631
1099 1.222995
1100 1.278742
1101 1.234481
1102 1.223876
1103 1.201505
1104 1.257981
1105 1.230193
1106 1.269364
1107 1.239811
1108 1.211215
1109 1.194394
1110 1.248776
1111 1.209452
1112 1.235848
1113 1.220867
1114 1.238230
1115 1.216102
1116 1.227168
1117 1.225682
1118 1.210783
1119 1.186082
1120 1.227497
1121 1.217100
1122 1.221875
1123 1.215066
1124 1.241188
1125 1.233487
1126 1.193829
1127 1.216355
1128 1.220225
1129 1.230289
1130 1.197859
1131 1.230916
1132 1.214446
1133 1.213011
1134 1.245970
1135 1.189005
1136 1.218409
1137 1.222257
1138 1.218190
1139 1.178135
1140 1.203064
1141 1.198151
1142 1.208135
1143 1.190106
1144 1.227179
1145 1.222267
1146 1.207767
1147 1.230781
1148 1.218043
1149 1.185310
1150 1.218722
1151 1.218194
1152 1.219404
1153 1.211073
1154 1.201024
1155 1.205712
1156 1.197417
1157 1.169259
1158 1.216280
1159 1.195058
1160 1.182495
1161 1.222496
1162 1.186697
1163 1.245544
1164 1.209789
1165 1.179247
1166 1.237952
1167 1.173165
1168 1.208660
1169 1.232975
1170 1.213660
1171 1.192671
1172 1.216941
1173 1.193430
1174 1.182736
1175 1.228232
1176 1.224332
1177 1.201748
1178 1.194484
1179 1.244909
1180 1.255419
1181 1.191399
1182 1.197708
1183 1.185411
1184 1.192561
1185 1.201389
1186 1.189123
1187 1.194570
1188 1.211794
1189 1.190302
1190 1.220107
1191 1.182693
1192 1.215813
1193 1.206967
1194 1.196461
1195 1.186812
1196 1.204771
1197 1.211841
1198 1.216395
1199 1.171736
1200 1.191319
1201 1.212535
1202 1.215414
1203 1.219952
1204 1.202889
1205 1.215730
1206 1.192896
1207 1.190814
1208 1.201981
1209 1.183354
1210 1.239138
1211 1.199869
1212 1.186243
1213 1.182534
1214 1.179655
1215 1.217111
1216 1.217500
1217 1.191595
1218 1.173944
1219 1.188316
1220 1.215780
1221 1.183413
1222 1.211657
1223 1.212055
1224 1.195296
1225 1.193260
1226 1.171652
1227 1.163120
1228 1.198577
1229 1.178648
1230 1.201841
1231 1.164072
1232 1.187241
1233 1.197397
1234 1.202676
1235 1.181227
1236 1.171948
1237 1.209574
1238 1.198674
1239 1.201514
1240 1.185802
1241 1.216852
1242 1.204375
1243 1.188701
1244 1.181092
1245 1.157432
1246 1.190793
1247 1.177590
1248 1.196460
1249 1.188079
1250 1.218112
1251 1.174558
1252 1.190977
1253 1.188218
1254 1.187856
1255 1.177137
1256 1.185544
1257 1.201099
1258 1.210271
1259 1.185275
1260 1.205557
1261 1.205190
1262 1.205617
1263 1.183874
1264 1.215964
1265 1.210060
1266 1.193108
1267 1.211700
1268 1.190831
1269 1.203881
1270 1.157069
1271 1.189797
1272 1.173732
1273 1.180474
1274 1.190346
1275 1.168046
1276 1.201425
1277 1.179937
1278 1.178827
1279 1.195703
1280 1.175053
1281 1.193468
1282 1.163494
1283 1.195142
1284 1.197146
1285 1.172689
1286 1.201148
1287 1.175173
1288 1.170203
1289 1.174550
1290 1.195946
1291 1.175482
1292 1.200715
1293 1.164813
1294 1.203155
1295 1.175802
1296 1.183986
1297 1.191387
1298 1.174894
1299 1.206927
1300 1.180450
1301 1.210893
1302 1.195208
1303 1.168036
1304 1.163912
1305 1.174355
1306 1.184017
1307 1.189075
1308 1.189538
1309 1.202225
1310 1.178252
1311 1.194743
1312 1.197491
1313 1.172056
1314 1.192322
1315 1.169973
1316 1.140819
1317 1.174733
1318 1.152450
1319 1.180998
1320 1.189049
1321 1.213743
1322 1.191502
1323 1.215402
1324 1.183376
1325 1.157437
1326 1.168491
1327 1.164458
1328 1.180009
1329 1.169955
1330 1.154654
1331 1.174689
1332 1.198447
1333 1.176410
1334 1.167150
1335 1.183373
1336 1.189842
1337 1.177603
1338 1.196027
1339 1.206955
1340 1.178316
1341 1.178803
1342 1.184506
1343 1.158928
1344 1.192169
1345 1.214952
1346 1.191640
1347 1.191377
1348 1.171827
1349 1.177512
1350 1.166892
1351 1.148887
1352 1.176767
1353 1.196477
1354 1.191786
1355 1.190055
1356 1.166203
1357 1.185129
1358 1.182673
1359 1.153731
1360 1.192479
1361 1.163574
1362 1.175828
1363 1.186598
1364 1.189288
1365 1.175125
1366 1.217352
1367 1.157836
1368 1.160543
1369 1.199769
1370 1.171785
1371 1.186148
1372 1.184455
1373 1.165286
1374 1.172347
1375 1.165580
1376 1.188619
1377 1.169506
1378 1.201945
1379 1.152394
1380 1.165235
1381 1.164300
1382 1.183627
1383 1.195697
1384 1.160062
1385 1.188017
1386 1.147390
1387 1.178920
1388 1.180146
1389 1.201530
1390 1.207776
1391 1.185976
1392 1.167081
1393 1.190570
1394 1.195374
1395 1.185834
1396 1.166281
1397 1.201874
1398 1.156588
1399 1.168551
1400 1.170497
1401 1.180293
1402 1.181516
1403 1.167058
1404 1.180398
1405 1.191586
1406 1.187111
1407 1.163453
1408 1.184574
1409 1.164501
1410 1.181338
1411 1.186811
1412 1.182363
1413 1.173675
1414 1.177730
1415 1.174007
1416 1.178764
1417 1.167989
1418 1.177681
1419 1.183132
1420 1.178717
1421 1.148975
1422 1.191709
1423 1.153567
1424 1.191323
1425 1.156746
1426 1.168502
1427 1.143801
1428 1.200368
1429 1.173582
1430 1.148233
1431 1.160656
1432 1.183536
1433 1.171494
1434 1.188061
1435 1.196940
1436 1.176559
1437 1.156903
1438 1.183867
1439 1.167710
1440 1.194631
1441 1.190287
1442 1.167919
1443 1.191321
1444 1.163445
1445 1.209657
1446 1.160369
1447 1.165055
1448 1.176641
1449 1.178551
1450 1.188734
1451 1.181674
1452 1.180134
1453 1.159327
1454 1.182565
1455 1.185841
1456 1.184306
1457 1.201304
1458 1.210049
1459 1.187255
1460 1.193944
1461 1.165718
1462 1.197722
1463 1.182520
1464 1.172804
1465 1.163101
1466 1.182062
1467 1.162143
1468 1.162688
1469 1.182974
1470 1.178743
1471 1.177918
1472 1.205627
1473 1.163374
1474 1.178845
1475 1.183448
1476 1.155526
1477 1.193315
1478 1.192489
1479 1.201806
1480 1.185436
1481 1.168413
1482 1.171656
1483 1.193103
1484 1.159265
1485 1.192139
1486 1.168443
1487 1.173697
1488 1.191041
1489 1.200303
1490 1.167271
1491 1.162454
1492 1.168367
1493 1.158868
1494 1.164108
1495 1.188070
1496 1.163205
1497 1.177117
1498 1.155631
1499 1.190879
1500 1.174747
1501 1.191948
1502 1.177170
1503 1.171726
1504 1.190227
1505 1.172159
1506 1.193292
1507 1.146050
1508 1.185742
1509 1.185620
1510 1.202055
1511 1.183393
1512 1.172031
1513 1.163328
1514 1.174453
1515 1.163782
1516 1.210513
1517 1.199174
1518 1.183239
1519 1.201559
1520 1.177750
1521 1.165808
1522 1.169650
1523 1.183337
1524 1.172729
1525 1.166725
1526 1.180389
1527 1.161291
1528 1.184104
1529 1.180727
1530 1.208074
1531 1.195543
1532 1.167362
1533 1.190753
1534 1.176303
1535 1.182069
1536 1.194338
1537 1.174060
1538 1.143407
1539 1.188167
1540 1.203650
1541 1.154869
1542 1.196942
1543 1.168321
1544 1.163701
1545 1.169443
1546 1.191349
1547 1.195128
1548 1.182753
1549 1.191053
1550 1.197407
1551 1.181188
1552 1.178521
1553 1.169419
1554 1.201513
1555 1.183406
1556 1.181390
1557 1.172312
1558 1.155544
1559 1.212563
1560 1.189382
1561 1.171355
1562 1.167437
1563 1.180160
1564 1.190309
1565 1.189583
1566 1.181834
1567 1.193879
1568 1.196342
1569 1.176496
1570 1.206358
1571 1.183986
1572 1.178182
1573 1.185101
1574 1.200271
1575 1.191930
1576 1.186773
1577 1.193037
1578 1.178381
1579 1.180844
1580 1.168747
1581 1.187659
1582 1.185688
1583 1.169823
1584 1.179230
1585 1.211340
1586 1.184140
1587 1.192263
1588 1.187781
1589 1.199668
1590 1.197704
1591 1.158660
1592 1.205720
1593 1.181159
1594 1.206190
1595 1.193573
1596 1.194756
1597 1.193434
1598 1.175218
1599 1.193298
1600 1.180731
1601 1.210654
1602 1.192475
1603 1.181181
1604 1.202945
1605 1.184806
1606 1.196579
1607 1.208337
1608 1.177793
1609 1.179606
1610 1.198187
1611 1.170190
1612 1.175107
1613 1.174440
1614 1.207230
1615 1.210879
1616 1.199672
1617 1.175492
1618 1.182864
1619 1.185285
1620 1.170420
1621 1.211095
1622 1.167874
1623 1.185088
1624 1.223833
1625 1.174532
1626 1.183102
1627 1.207027
1628 1.185470
1629 1.174989
1630 1.192129
1631 1.191467
1632 1.206739
1633 1.199335
1634 1.179700
1635 1.207185
1636 1.185737
1637 1.186307
1638 1.172836
1639 1.190498
1640 1.188626
1641 1.200774
1642 1.197682
1643 1.200072
1644 1.187252
1645 1.187823
1646 1.181711
1647 1.213251
1648 1.190748
1649 1.193743
1650 1.207644
1651 1.209415
1652 1.186971
1653 1.192988
1654 1.177233
1655 1.194126
1656 1.188656
1657 1.209144
1658 1.204275
1659 1.203030
1660 1.199980
1661 1.210780
1662 1.183061
1663 1.231142
1664 1.183613
1665 1.218424
1666 1.190768
1667 1.196740
1668 1.172129
1669 1.204469
1670 1.212818
1671 1.205598
1672 1.193005
1673 1.199555
1674 1.204902
1675 1.247856
1676 1.203050
1677 1.214947
1678 1.167831
1679 1.194030
1680 1.212460
1681 1.206478
1682 1.208233
1683 1.196320
1684 1.190954
1685 1.224764
1686 1.216423
1687 1.177861
1688 1.216360
1689 1.205080
1690 1.208606
1691 1.189657
1692 1.205601
1693 1.203216
1694 1.231531
1695 1.200226
1696 1.212001
1697 1.192530
1698 1.210186
1699 1.204278
1700 1.206613
1701 1.203067
1702 1.213039
1703 1.230046
1704 1.208888
1705 1.215321
1706 1.184233
1707 1.197118
1708 1.228139
1709 1.201195
1710 1.196506
1711 1.194160
1712 1.228032
1713 1.202321
1714 1.225648
1715 1.205217
1716 1.201128
1717 1.181318
1718 1.181322
1719 1.206923
1720 1.196449
1721 1.208648
1722 1.223737
1723 1.190637
1724 1.189479
1725 1.197598
1726 1.198756
1727 1.205124
1728 1.209749
1729 1.213790
1730 1.203955
1731 1.200486
1732 1.192981
1733 1.179714
1734 1.194144
1735 1.194726
1736 1.212012
1737 1.195312
1738 1.189564
1739 1.204525
1740 1.206251
1741 1.207401
1742 1.198791
1743 1.201666
1744 1.208551
1745 1.194799
1746 1.230319
1747 1.209702
1748 1.206844
1749 1.218284
1750 1.205711
1751 1.196579
1752 1.211431
1753 1.197744
1754 1.218850
1755 1.196059
1756 1.217143
1757 1.210885
1758 1.208616
1759 1.223405
1760 1.200110
1761 1.214320
1762 1.213759
1763 1.225110
1764 1.206404
1765 1.212648
1766 1.211524
1767 1.204743
1768 1.211545
1769 1.243212
1770 1.218347
1771 1.229084
1772 1.194662
1773 1.211605
1774 1.213873
1775 1.204308
1776 1.224033
1777 1.193090
1778 1.214487
1779 1.215063
1780 1.213392
1781 1.191509
1782 1.222402
1783 1.215683
1784 1.207290
1785 1.197227
1786 1.217970
1787 1.220224
1788 1.195630
1789 1.213546
1790 1.202951
1791 1.222518
1792 1.215279
1793 1.247647
1794 1.204728
1795 1.234281
1796 1.225939
1797 1.217607
1798 1.207061
1799 1.229322
1800 1.227670
1801 1.220468
1802 1.244351
1803 1.212190
1804 1.209445
1805 1.211135
1806 1.227220
1807 1.219491
1808 1.212878
1809 1.214564
1810 1.221221
1811 1.221798
1812 1.222374
1813 1.202542
1814 1.217461
1815 1.226305
1816 1.225778
1817 1.209841
1818 1.217025
1819 1.221453
1820 1.228074
1821 1.207231
1822 1.207268
1823 1.217178
1824 1.213921
1825 1.210667
1826 1.226585
1827 1.206908
1828 1.222812
1829 1.254554
1830 1.228885
1831 1.235467
1832 1.225121
1833 1.227880
1834 1.209371
1835 1.217041
1836 1.241043
1837 1.235624
1838 1.233475
1839 1.244380
1840 1.234620
1841 1.226502
1842 1.232508
1843 1.227656
1844 1.235282
1845 1.254283
1846 1.222343
1847 1.222381
1848 1.221338
1849 1.225704
1850 1.233310
1851 1.211193
1852 1.208000
1853 1.227477
1854 1.211334
1855 1.246422
1856 1.213584
1857 1.220632
1858 1.223367
1859 1.225561
1860 1.238506
1861 1.217048
1862 1.218706
1863 1.224657
1864 1.234894
1865 1.209732
1866 1.246226
1867 1.230191
1868 1.213103
1869 1.204059
1870 1.234063
1871 1.248001
1872 1.218121
1873 1.248071
1874 1.220358
1875 1.237475
1876 1.238583
1877 1.249280
1878 1.242926
1879 1.231258
1880 1.228113
1881 1.231883
1882 1.225554
1883 1.216576
1884 1.237864
1885 1.234195
1886 1.199248
1887 1.222631
1888 1.243872
1889 1.222740
1890 1.210096
1891 1.228138
1892 1.235591
1893 1.231414
1894 1.228298
1895 1.227824
1896 1.232625
1897 1.226879
1898 1.237472
1899 1.220145
1900 1.237573
1901 1.230786
1902 1.220326
1903 1.235100
1904 1.247234
1905 1.267229
1906 1.238410
1907 1.238463
1908 1.215980
1909 1.253237
1910 1.232865
1911 1.242865
1912 1.255992
1913 1.229379
1914 1.241978
1915 1.220622
1916 1.238433
1917 1.244228
1918 1.242196
1919 1.237562
1920 1.236057
1921 1.233514
1922 1.225250
1923 1.266917
1924 1.258126
1925 1.248825
1926 1.242129
1927 1.229733
1928 1.238615
1929 1.239713
1930 1.234074
1931 1.241906
1932 1.240414
1933 1.228576
1934 1.232781
1935 1.262304
1936 1.253574
1937 1.240723
1938 1.246462
1939 1.262510
1940 1.254315
1941 1.251281
1942 1.242586
1943 1.234930
1944 1.221109
1945 1.270027
1946 1.250037
1947 1.258316
1948 1.264020
1949 1.238934
1950 1.268233
1951 1.222156
1952 1.242725
1953 1.225383
1954 1.247466
1955 1.255204
1956 1.257822
1957 1.233355
1958 1.248240
1959 1.243201
1960 1.271842
1961 1.240790
1962 1.275520
1963 1.258763
1964 1.254752
1965 1.245148
1966 1.258443
1967 1.247323
1968 1.275848
1969 1.246955
1970 1.240427
1971 1.252170
1972 1.242097
1973 1.224939
1974 1.242752
1975 1.243839
1976 1.261120
1977 1.265739
1978 1.244569
1979 1.246665
1980 1.247244
1981 1.263472
1982 1.234780
1983 1.237382
1984 1.245023
1985 1.268273
1986 1.229064
1987 1.264881
1988 1.242816
1989 1.262001
1990 1.243980
1991 1.242050
1992 1.238114
1993 1.248734
1994 1.246806
1995 1.276459
1996 1.263497
1997 1.263569
1998 1.228605
1999 1.242201
2000 1.246784
2001 1.257860
2002 1.243450
2003 1.264003
2004 1.260583
2005 1.237217
2006 1.246277
2007 1.256824
2008 1.278814
2009 1.228111
2010 1.263030
2011 1.265592
2012 1.256224
2013 1.246865
2014 1.250426
2015 1.233140
2016 1.249105
2017 1.257619
2018 1.254231
2019 1.256295
2020 1.253407
2021 1.262397
2022 1.269896
2023 1.268489
2024 1.252756
2025 1.270126
2026 1.274152
2027 1.266334
2028 1.252114
2029 1.265015
2030 1.253766
2031 1.274533
2032 1.272149
2033 1.279606
2034 1.254607
2035 1.252238
2036 1.277868
2037 1.286781
2038 1.242693
2039 1.268781
2040 1.271804
2041 1.263556
2042 1.253358
2043 1.294075
2044 1.278980
2045 1.282971
2046 1.264964
2047 1.262119
